1919100000
1919100007
1919100014
1919100027
191910003
191910003
1919100035
1919100037
1919100045
1919100047
1919100053
1919100056
1919100057
1919100062
1919100063
1919100064
1919100066
1919100067
1919100069
191910007
1919100076
1919100083
1919100089
1919100097
1919100102
1919100106
1919100116
1919100130
1919100132
1919100133
1919100138
1919100146
1919100149
1919100156
1919100168
1919100175
1919100176
191910018
1919100184
191910020
1919100208
191910021
1919100211
1919100214
1919100223
1919100227
1919100236
1919100249
1919100250
1919100255
1919100266
1919100268
1919100269
1919100292
1919100296
1919100296
1919100299
1919100322
1919100325
1919100337
1919100342
1919100370
1919100389
1919100393
1919100399
1919100404
1919100409
1919100420
1919100421
1919100427
1919100443
191910045
1919100455
1919100474
1919100481
1919100484
1919100499
191910050
1919100501
191910051
191910052
1919100524
1919100527
1919100531
1919100552
1919100559
191910056
1919100566
1919100566
191910057
1919100571
1919100577
1919100579
1919100588
191910059
191910059
1919100599
1919100601
1919100612
1919100612
1919100616
1919100623
1919100630
1919100645
1919100676
1919100677
1919100679
1919100680
1919100683
1919100698
1919100699
1919100700
1919100700
1919100703
1919100717
1919100718
1919100722
1919100728
191910073
1919100733
191910074
1919100747
191910081
191910082
1919100827
191910083
191910083
1919100831
1919100834
191910084
191910084
1919100850
1919100854
1919100863
1919100868
1919100877
1919100877
1919100885
1919100889
1919100895
1919100899
191910090
191910090
1919100926
1919100927
1919100933
1919100933
1919100939
1919101024
1919101028
191910103
1919101031
1919101034
1919101035
1919101037
191910104
1919101051
1919101052
1919101059
1919101069
191910107
191910107
1919101070
1919101071
1919101074
1919101082
191910109
1919101102
1919101103
1919101104
191910112
1919101129
1919101130
191910114
191910115
1919101151
1919101160
1919101161
1919101162
1919101165
1919101166
1919101168
1919101169
1919101171
1919101179
1919101192
1919101195
1919101197
191910123
1919101231
1919101242
1919101247
191910128
191910128
1919101286
1919101288
1919101296
191910130
1919101303
1919101313
1919101316
1919101318
1919101318
1919101320
1919101339
1919101366
1919101372
1919101377
1919101388
1919101393
1919101401
1919101413
1919101416
1919101418
1919101424
1919101426
191910143
1919101437
1919101440
191910145
1919101468
1919101468
191910148
1919101488
1919101492
1919101495
1919101499
1919101542
1919101546
1919101550
1919101561
1919101561
1919101583
1919101589
1919101591
1919101591
1919101593
1919101598
1919101609
191910162
191910162
1919101623
1919101647
1919101652
1919101659
191910166
1919101669
1919101670
191910168
1919101682
1919101693
1919101693
1919101707
1919101713
1919101725
1919101725
1919101745
1919101745
1919101772
1919101777
1919101797
1919101800
1919101803
1919101809
1919101809
1919101819
1919101838
1919101880
191910189
1919101890
1919101893
1919101903
1919101928
1919101929
1919101935
191910194
1919101956
1919101957
1919101966
1919101969
1919101982
1919102021
1919102023
1919102024
1919102028
1919102030
1919102035
191910206
1919102065
1919102065
1919102079
191910208
1919102084
1919102105
191910212
1919102132
191910214
1919102144
191910216
1919102161
1919102168
1919102172
191910218
191910218
1919102189
1919102195
1919102216
1919102220
191910223
1919102233
1919102235
1919102253
191910227
191910227
1919102277
1919102279
1919102291
1919102293
191910230
191910232
1919102338
1919102347
1919102358
1919102377
1919102397
191910240
1919102424
1919102449
1919102458
1919102468
191910247
191910247
191910248
191910248
191910248
1919102487
191910249
191910249
1919102491
1919102538
1919102544
1919102548
1919102564
1919102566
1919102568
1919102569
1919102573
1919102584
1919102588
1919102600
191910261
1919102610
1919102616
1919102619
191910262
1919102623
1919102628
191910269
1919102690
1919102696
1919102714
1919102719
1919102722
1919102728
1919102730
1919102749
1919102755
191910277
191910278
1919102787
191910279
1919102793
1919102803
191910282
1919102820
1919102827
1919102837
1919102840
191910285
1919102857
191910286
1919102860
1919102869
1919102899
1919102900
1919102908
1919102914
1919102917
191910294
191910294
1919102947
1919102963
1919102969
1919102971
1919102971
1919102971
1919102976
1919102982
1919102984
1919102986
191910301
1919103011
191910303
1919103030
1919103032
1919103035
191910305
1919103061
1919103064
1919103077
191910310
1919103100
1919103112
1919103117
1919103152
1919103155
1919103165
1919103187
1919103187
1919103207
1919103212
1919103216
1919103217
1919103223
1919103230
1919103236
1919103248
191910325
1919103254
1919103254
1919103257
1919103264
1919103265
1919103268
191910327
1919103270
1919103271
1919103273
1919103280
1919103283
1919103285
1919103296
1919103297
1919103302
1919103306
1919103308
1919103312
1919103318
1919103318
191910333
191910333
1919103335
191910334
1919103341
1919103347
1919103350
1919103350
1919103351
1919103354
1919103360
1919103366
1919103369
1919103377
191910338
1919103382
1919103385
1919103389
1919103395
1919103399
1919103403
1919103412
1919103415
1919103426
1919103431
1919103434
1919103434
1919103443
1919103443
1919103450
1919103457
191910346
1919103467
191910347
1919103470
1919103475
1919103477
191910348
1919103480
1919103495
191910350
191910350
1919103501
1919103503
191910351
1919103523
1919103524
1919103527
1919103539
191910354
1919103544
1919103546
1919103560
1919103562
1919103563
1919103571
1919103587
191910359
1919103590
1919103601
191910362
1919103625
1919103638
1919103641
1919103650
1919103651
1919103655
1919103662
1919103663
1919103667
1919103671
1919103672
1919103675
1919103682
1919103691
1919103693
1919103697
1919103697
1919103699
191910370
1919103707
1919103707
1919103708
1919103710
1919103713
1919103715
1919103717
191910374
1919103746
1919103747
1919103748
191910375
1919103751
1919103757
1919103773
1919103776
1919103780
1919103783
1919103784
1919103788
1919103790
1919103791
1919103792
1919103793
1919103799
1919103801
1919103807
1919103807
1919103808
1919103812
1919103813
1919103815
1919103838
1919103851
1919103856
1919103863
1919103863
1919103866
191910387
1919103877
1919103880
1919103890
1919103892
1919103894
191910390
1919103902
1919103903
1919103905
1919103917
1919103919
1919103920
1919103921
1919103933
1919103938
1919103940
1919103946
1919103950
1919103950
1919103955
1919103956
1919103963
1919103966
1919103967
191910397
1919103980
1919103981
1919103982
1919104004
191910401
1919104013
1919104021
1919104023
1919104024
1919104027
1919104030
1919104030
1919104032
1919104048
1919104049
1919104056
1919104059
1919104065
1919104072
191910408
1919104083
1919104088
1919104089
1919104089
1919104090
1919104096
1919104105
1919104107
191910412
1919104126
1919104130
1919104138
1919104141
1919104143
1919104144
191910415
1919104153
1919104159
1919104168
1919104170
1919104175
1919104177
1919104184
1919104198
1919104207
1919104211
1919104215
1919104216
191910422
191910423
1919104231
1919104232
1919104233
1919104236
1919104237
1919104243
1919104246
1919104246
1919104247
1919104247
1919104255
1919104259
1919104262
1919104263
1919104264
1919104268
1919104276
1919104279
191910428
1919104280
1919104284
1919104293
1919104295
1919104299
1919104307
1919104308
1919104312
1919104313
1919104316
1919104324
1919104326
1919104334
1919104334
1919104334
1919104342
1919104343
1919104346
191910436
1919104361
191910437
1919104376
1919104381
1919104382
1919104385
1919104386
1919104386
191910439
1919104391
1919104401
1919104412
1919104420
1919104422
1919104432
1919104432
1919104437
1919104438
191910444
191910445
1919104450
1919104469
191910447
1919104471
1919104475
1919104479
1919104481
1919104482
1919104486
1919104489
191910449
1919104505
1919104508
191910451
1919104511
1919104516
1919104517
1919104521
1919104525
1919104526
1919104531
191910454
1919104544
1919104553
1919104557
1919104559
191910456
1919104566
1919104570
1919104573
1919104576
1919104577
1919104578
1919104579
191910458
1919104584
1919104586
1919104588
1919104591
1919104599
1919104603
1919104607
1919104610
1919104615
1919104625
1919104637
1919104638
1919104641
191910465
1919104653
1919104653
1919104657
1919104660
1919104661
1919104663
1919104667
1919104670
1919104683
1919104684
1919104687
1919104693
191910470
1919104701
1919104704
1919104705
191910471
1919104712
1919104724
1919104727
1919104729
1919104731
1919104733
1919104734
1919104740
1919104745
191910475
1919104751
1919104754
1919104761
1919104768
1919104768
1919104771
1919104771
1919104778
191910478
1919104786
1919104791
1919104793
1919104796
1919104797
1919104798
1919104811
1919104819
1919104825
1919104825
1919104826
1919104829
1919104838
1919104849
1919104856
1919104857
1919104859
1919104869
1919104870
1919104873
1919104877
191910489
191910489
1919104893
1919104895
191910490
1919104903
1919104913
191910492
191910492
1919104923
1919104925
1919104933
1919104936
1919104938
1919104941
1919104943
1919104944
1919104945
1919104947
1919104948
191910495
191910496
1919104964
1919104977
191910498
1919104986
1919104986
1919104988
191910499
191910499
1919104990
1919104991
1919104999
191910500
1919105002
1919105007
1919105007
191910501
1919105011
1919105014
191910502
1919105022
1919105023
1919105023
1919105026
1919105031
1919105040
1919105042
1919105044
1919105045
1919105054
1919105059
1919105064
1919105067
191910507
191910508
1919105084
1919105092
1919105094
1919105096
1919105099
1919105105
1919105108
1919105116
1919105121
191910513
1919105133
1919105137
1919105143
1919105148
1919105160
1919105160
1919105161
1919105169
1919105176
1919105179
1919105180
1919105182
1919105184
191910519
1919105193
1919105194
1919105199
1919105216
1919105217
1919105222
1919105228
1919105228
1919105235
1919105236
1919105248
1919105249
1919105258
1919105259
1919105267
1919105273
1919105276
1919105278
1919105278
191910528
191910528
1919105284
1919105284
1919105288
1919105290
1919105301
1919105304
1919105307
1919105311
1919105312
1919105316
1919105320
191910533
1919105332
1919105338
1919105339
1919105343
1919105347
1919105357
1919105359
1919105360
1919105362
1919105365
191910537
1919105370
1919105372
1919105375
1919105376
1919105377
1919105379
1919105382
1919105382
1919105384
1919105387
191910539
1919105391
1919105396
191910540
1919105400
1919105408
1919105410
191910542
1919105423
1919105431
1919105435
1919105451
1919105453
1919105458
1919105469
1919105474
1919105476
1919105481
1919105482
1919105485
1919105487
191910549
1919105494
1919105497
191910550
1919105500
1919105500
1919105511
1919105512
1919105514
1919105516
1919105526
1919105528
191910553
1919105530
1919105532
1919105533
1919105540
1919105542
1919105544
1919105546
1919105550
1919105560
1919105562
1919105563
1919105564
191910557
1919105570
1919105571
1919105572
1919105579
1919105588
191910559
191910559
1919105591
1919105594
1919105595
1919105596
1919105597
1919105598
1919105603
1919105607
1919105611
1919105614
1919105623
1919105628
1919105629
1919105637
1919105647
191910565
1919105651
191910567
1919105671
1919105673
1919105676
1919105676
1919105677
1919105680
1919105682
1919105692
1919105696
1919105697
191910570
1919105707
1919105714
1919105728
191910573
1919105737
1919105737
1919105738
1919105745
1919105748
1919105753
1919105755
1919105761
1919105763
1919105774
1919105778
191910578
1919105781
1919105782
1919105783
1919105793
1919105806
1919105820
1919105824
191910583
1919105838
1919105864
1919105869
1919105870
1919105897
1919105899
1919105901
1919105902
1919105906
1919105907
1919105910
1919105916
1919105918
1919105920
1919105921
1919105927
1919105933
191910594
1919105940
1919105950
1919105956
1919105958
1919105963
1919105964
1919105966
1919105966
191910597
191910597
1919105972
1919105973
1919105976
1919105983
191910599
1919105998
1919106003
1919106005
1919106009
1919106017
1919106018
1919106020
1919106021
1919106022
1919106027
1919106030
1919106036
1919106037
1919106042
1919106045
191910606
1919106061
191910607
1919106070
1919106075
1919106078
1919106082
1919106086
1919106088
191910609
1919106099
1919106100
1919106105
1919106112
1919106113
1919106115
1919106120
1919106121
1919106128
1919106129
1919106130
1919106133
1919106146
1919106153
1919106165
191910617
1919106172
191910619
191910619
1919106191
1919106194
1919106198
1919106203
1919106209
191910621
1919106212
1919106221
1919106237
191910624
1919106244
1919106248
1919106258
191910626
1919106262
1919106269
1919106274
1919106274
1919106276
1919106287
1919106288
1919106290
1919106290
1919106306
1919106311
1919106313
1919106318
1919106320
1919106324
1919106328
191910633
1919106339
191910634
1919106346
1919106347
1919106351
1919106368
1919106368
1919106370
1919106377
1919106380
1919106380
1919106383
1919106390
1919106395
1919106396
1919106400
1919106414
1919106417
1919106423
1919106424
1919106428
191910643
191910643
1919106437
1919106437
1919106438
1919106443
191910645
1919106450
1919106465
1919106472
1919106476
1919106480
1919106482
1919106486
1919106489
191910649
1919106493
1919106494
1919106499
191910650
191910650
1919106500
1919106512
1919106513
1919106513
1919106517
1919106519
1919106520
1919106531
1919106539
191910654
1919106540
1919106543
1919106543
1919106544
191910656
191910656
191910656
1919106561
1919106565
1919106573
1919106578
1919106580
191910659
1919106591
1919106595
191910660
191910661
1919106614
1919106615
1919106615
1919106624
1919106627
1919106636
1919106636
191910664
1919106641
1919106656
1919106658
1919106659
191910666
1919106662
1919106669
1919106674
1919106675
1919106678
1919106687
191910669
1919106697
1919106699
1919106703
1919106708
1919106720
1919106724
1919106726
1919106728
191910673
1919106735
1919106740
1919106741
1919106750
1919106756
1919106757
1919106768
1919106779
1919106782
1919106786
1919106799
191910680
191910680
1919106800
1919106805
1919106807
1919106809
1919106810
1919106813
1919106815
1919106816
1919106817
1919106818
1919106818
1919106818
1919106831
1919106847
1919106854
191910686
1919106861
191910687
1919106877
1919106879
1919106885
1919106889
1919106889
191910689
191910689
1919106894
1919106903
1919106905
1919106912
1919106920
1919106924
1919106926
1919106928
1919106935
1919106938
1919106939
191910695
1919106950
1919106955
191910696
1919106963
1919106968
1919106977
1919106983
1919106985
1919106993
191910700
1919107003
1919107009
1919107011
1919107012
1919107022
1919107025
1919107030
1919107043
1919107043
1919107044
1919107052
1919107055
1919107061
1919107068
191910707
1919107070
1919107083
1919107096
1919107115
1919107117
1919107120
1919107121
1919107123
1919107136
1919107137
1919107152
1919107154
1919107155
1919107157
1919107164
1919107173
191910718
1919107182
1919107187
1919107189
191910719
1919107195
1919107198
1919107203
191910721
1919107216
1919107218
1919107223
1919107224
1919107225
1919107236
1919107237
1919107240
1919107244
1919107245
1919107249
1919107250
1919107255
1919107269
1919107273
1919107304
1919107309
191910731
1919107313
1919107315
1919107322
191910733
1919107332
1919107337
1919107340
1919107344
1919107352
1919107352
1919107354
191910736
1919107368
1919107371
1919107376
191910738
1919107401
1919107402
1919107404
1919107407
1919107408
1919107410
1919107416
1919107417
1919107422
1919107427
191910743
1919107432
1919107438
1919107447
1919107448
191910745
1919107453
1919107454
1919107457
1919107459
191910746
1919107461
1919107470
1919107472
1919107480
191910750
1919107502
1919107503
1919107503
1919107507
1919107512
1919107513
1919107515
1919107516
1919107520
191910753
1919107530
1919107533
1919107538
1919107539
1919107546
191910755
1919107553
191910756
1919107562
191910757
1919107576
1919107583
1919107594
1919107595
1919107599
1919107613
1919107616
191910762
191910762
1919107620
1919107636
1919107639
1919107645
1919107650
1919107652
1919107656
1919107657
1919107659
191910766
1919107662
1919107667
1919107668
1919107671
1919107681
1919107684
1919107685
1919107687
1919107693
1919107693
1919107701
1919107720
1919107722
1919107724
1919107725
1919107726
1919107727
1919107730
1919107732
1919107734
1919107736
1919107738
1919107739
1919107744
1919107747
1919107750
1919107756
1919107758
1919107773
1919107774
1919107774
1919107782
1919107783
191910779
1919107791
1919107804
1919107805
1919107807
1919107814
1919107818
1919107819
1919107820
1919107831
1919107834
1919107839
1919107841
1919107851
1919107854
1919107859
1919107864
1919107865
1919107869
191910787
1919107875
1919107879
1919107881
1919107882
1919107886
1919107889
191910789
1919107890
1919107896
1919107902
1919107905
1919107908
1919107913
1919107919
1919107920
1919107925
1919107926
1919107927
1919107930
1919107931
1919107937
1919107944
1919107953
1919107958
1919107959
1919107962
1919107966
191910797
1919107972
1919107977
191910798
1919107981
1919107985
1919107998
1919108004
1919108013
1919108016
1919108028
1919108030
1919108034
1919108039
1919108040
1919108044
191910805
1919108050
1919108062
1919108062
191910807
191910807
1919108086
1919108087
191910809
1919108093
1919108097
1919108101
1919108103
1919108104
1919108111
1919108112
1919108117
1919108121
1919108125
1919108127
191910813
191910813
1919108132
191910814
1919108143
1919108146
1919108151
1919108152
1919108152
1919108162
1919108164
1919108166
1919108167
1919108167
1919108176
1919108179
1919108187
1919108188
191910819
1919108197
1919108202
1919108207
1919108213
1919108216
1919108226
1919108239
1919108243
1919108245
1919108248
1919108255
1919108256
1919108257
1919108258
1919108272
1919108275
1919108276
1919108281
1919108286
1919108294
1919108302
1919108307
1919108308
1919108320
1919108328
1919108334
1919108337
1919108340
1919108358
1919108359
1919108360
191910837
191910837
1919108381
1919108382
1919108392
1919108399
191910840
1919108409
1919108410
1919108413
1919108415
1919108425
1919108426
1919108427
1919108432
1919108442
1919108446
1919108447
1919108457
1919108458
1919108462
1919108465
1919108466
1919108470
1919108479
1919108484
1919108489
1919108494
1919108495
1919108503
1919108507
1919108508
1919108511
1919108516
191910852
1919108526
1919108526
191910853
1919108549
1919108550
1919108559
1919108563
1919108568
1919108569
1919108577
1919108581
1919108584
1919108590
1919108594
1919108595
191910860
1919108603
1919108608
191910861
1919108615
1919108618
1919108625
1919108628
1919108634
1919108641
1919108646
1919108647
1919108650
1919108663
1919108664
1919108666
1919108669
1919108672
1919108674
1919108681
1919108686
1919108691
1919108692
1919108693
1919108705
1919108709
1919108710
1919108716
1919108725
1919108726
1919108729
1919108729
191910873
1919108734
1919108735
1919108735
1919108737
1919108743
1919108746
1919108753
1919108758
191910876
1919108760
191910877
1919108775
1919108786
1919108787
1919108789
191910879
1919108801
1919108809
1919108817
1919108822
1919108828
1919108828
1919108829
191910883
191910883
1919108837
1919108840
1919108854
191910886
1919108860
1919108865
1919108872
1919108878
1919108880
1919108888
191910889
191910889
1919108892
1919108896
1919108897
1919108902
1919108903
1919108903
1919108905
1919108907
1919108910
1919108914
1919108918
191910892
1919108927
1919108928
191910893
1919108934
1919108936
1919108944
1919108950
1919108951
1919108956
1919108959
1919108962
1919108967
1919108969
1919108976
1919108980
1919108981
1919108988
1919108991
1919108997
1919109002
1919109005
191910901
1919109020
1919109022
1919109033
1919109035
1919109038
1919109067
1919109069
191910907
1919109079
1919109081
1919109083
1919109084
1919109089
191910910
191910910
1919109115
1919109121
1919109122
1919109125
1919109132
1919109154
191910916
1919109165
1919109166
1919109173
191910918
1919109185
1919109187
1919109188
1919109194
1919109197
1919109213
1919109218
1919109220
191910923
1919109234
1919109234
1919109243
1919109243
1919109257
1919109259
1919109260
1919109263
1919109269
1919109272
1919109277
1919109287
191910929
191910929
1919109291
1919109295
1919109297
1919109305
1919109309
1919109312
1919109317
1919109317
191910932
1919109320
1919109322
1919109325
1919109327
1919109329
1919109330
1919109331
1919109335
1919109337
1919109339
1919109347
1919109351
1919109359
191910936
1919109366
191910937
1919109370
1919109375
1919109382
1919109394
1919109396
1919109397
191910940
1919109409
1919109416
1919109419
1919109439
1919109448
1919109451
1919109452
1919109454
1919109456
1919109458
1919109464
1919109468
191910947
1919109470
1919109481
1919109482
1919109483
1919109486
191910949
191910950
1919109500
1919109505
191910951
191910952
191910952
1919109521
191910953
1919109536
1919109538
1919109541
1919109547
1919109547
1919109562
191910958
191910959
1919109594
1919109595
1919109598
191910960
1919109605
1919109608
1919109614
1919109617
1919109618
1919109619
1919109622
1919109625
1919109628
1919109630
1919109633
1919109637
191910965
1919109652
1919109659
191910966
191910966
1919109660
1919109660
191910967
191910967
1919109670
1919109676
1919109676
191910968
1919109684
1919109688
1919109694
1919109695
1919109696
1919109698
1919109699
1919109699
1919109700
1919109702
1919109718
1919109719
1919109735
1919109737
1919109740
1919109742
1919109749
1919109753
1919109755
1919109764
1919109765
1919109767
1919109770
1919109773
1919109774
1919109781
1919109783
1919109784
1919109796
1919109800
1919109801
1919109805
1919109807
1919109817
1919109822
191910983
1919109832
1919109834
1919109840
1919109851
1919109856
1919109860
1919109866
1919109880
1919109891
1919109891
1919109893
1919109894
1919109897
1919109898
1919109899
1919109900
1919109902
1919109904
1919109913
1919109917
191910992
191910992
1919109925
1919109932
1919109937
191910994
1919109943
1919109951
1919109963
191910997
1919109974
1919109976
1919109976
1919109977
1919109977
1919109987
191910999
1919109998
1919110007
1919110018
1919110025
1919110029
1919110034
1919110037
1919110042
1919110058
1919110059
1919110063
1919110072
1919110080
1919110087
1919110089
1919110102
1919110109
1919110116
1919110160
1919110162
1919110166
1919110170
1919110172
1919110184
191911020
1919110201
1919110206
1919110209
191911021
1919110212
1919110213
1919110217
1919110219
1919110223
1919110229
1919110242
1919110244
1919110269
191911028
191911029
1919110306
1919110307
1919110308
1919110316
1919110328
1919110334
1919110340
1919110342
1919110368
1919110368
1919110387
1919110389
1919110399
1919110400
1919110404
1919110415
1919110419
191911042
191911042
1919110421
1919110422
1919110424
1919110426
1919110431
1919110431
1919110434
191911044
1919110446
1919110477
1919110479
1919110499
1919110500
1919110508
1919110509
1919110517
1919110523
1919110526
1919110527
1919110544
1919110545
191911055
191911055
1919110564
1919110567
1919110571
1919110581
1919110590
1919110594
1919110596
1919110596
1919110607
191911061
1919110615
1919110623
1919110626
1919110631
1919110634
1919110639
1919110644
1919110650
1919110660
191911067
1919110672
1919110678
1919110682
1919110697
191911070
1919110703
1919110707
191911071
1919110712
1919110713
1919110717
1919110723
1919110727
1919110737
191911074
1919110747
191911075
1919110768
1919110769
191911077
1919110772
1919110775
1919110791
1919110805
1919110812
1919110813
1919110817
191911084
191911084
1919110848
1919110852
1919110869
1919110883
1919110889
191911089
1919110890
1919110923
1919110924
1919110929
1919110939
1919110941
1919110948
191911095
1919110961
1919110963
1919110966
1919110978
1919110979
1919110980
1919110981
1919110988
191911102
191911102
191911106
191911106
191911107
191911110
191911110
191911111
1919111110
1919111110
1919111111
191911116
191911118
191911122
1919111221
1919111239
1919111253
1919111258
191911126
1919111272
1919111276
191911128
1919111296
1919111299
1919111334
1919111336
191911135
191911136
1919111379
1919111388
191911139
191911139
1919111408
1919111411
191911142
191911143
1919111435
1919111477
191911149
191911150
1919111520
1919111529
1919111540
1919111547
191911157
1919111590
1919111610
191911163
1919111638
1919111647
1919111656
191911168
1919111726
1919111729
1919111751
1919111781
1919111781
1919111807
191911182
191911182
1919111829
191911185
1919111888
191911192
191911196
1919111963
191911199
1919112016
1919112017
1919112018
1919112019
1919112023
1919112030
1919112032
1919112049
191911205
1919112060
1919112084
1919112092
1919112097
191911211
1919112121
1919112124
1919112134
1919112152
1919112177
1919112183
1919112187
1919112188
1919112189
1919112195
1919112208
1919112233
1919112235
1919112239
1919112241
1919112242
1919112243
1919112264
1919112295
1919112297
191911231
1919112332
191911234
1919112347
191911238
191911240
1919112411
1919112413
1919112424
191911247
191911249
1919112499
1919112508
191911251
1919112511
191911252
1919112528
1919112531
1919112536
1919112547
1919112588
1919112590
1919112590
1919112594
1919112620
1919112626
191911263
191911265
1919112668
1919112668
191911267
1919112685
1919112700
1919112711
1919112715
1919112716
1919112721
1919112728
1919112731
1919112737
1919112761
1919112767
1919112767
1919112775
1919112782
1919112799
191911282
191911282
1919112831
191911284
1919112849
1919112881
1919112886
1919112892
1919112893
1919112899
1919112902
1919112920
1919112931
1919112956
1919112959
1919112977
191911298
191911298
1919112992
1919113007
191911303
1919113034
1919113098
1919113114
1919113115
1919113117
1919113120
1919113127
1919113127
1919113128
191911313
1919113141
1919113147
1919113148
191911315
1919113150
1919113152
1919113153
1919113155
1919113159
1919113163
1919113169
1919113177
1919113178
191911318
1919113182
1919113202
1919113202
1919113204
1919113206
1919113208
1919113212
1919113214
1919113229
1919113232
1919113239
1919113240
1919113248
1919113249
1919113251
1919113254
1919113258
1919113258
191911326
1919113266
1919113273
1919113281
1919113282
1919113288
1919113289
1919113296
1919113298
1919113300
1919113304
1919113306
1919113312
1919113324
1919113341
1919113366
1919113367
191911337
1919113375
1919113379
1919113401
1919113402
1919113405
1919113415
1919113416
1919113418
1919113427
1919113433
1919113447
1919113448
1919113451
1919113452
1919113455
1919113462
1919113468
1919113475
1919113477
1919113486
1919113487
1919113491
1919113494
1919113499
191911350
1919113502
1919113504
1919113510
1919113511
1919113516
191911352
1919113521
191911353
1919113534
1919113535
1919113545
1919113546
191911355
1919113551
1919113559
1919113568
191911357
1919113571
1919113578
191911358
1919113580
191911359
1919113593
1919113597
1919113597
1919113601
1919113603
1919113608
1919113615
1919113617
1919113628
191911363
191911363
1919113632
1919113635
1919113642
1919113643
1919113650
1919113662
1919113677
1919113681
1919113693
1919113701
1919113702
1919113704
1919113705
1919113707
1919113711
1919113715
1919113718
191911372
1919113725
1919113726
1919113733
1919113742
1919113743
1919113746
1919113749
1919113750
1919113751
1919113753
191911377
1919113771
1919113772
1919113780
1919113790
1919113793
1919113797
1919113799
1919113800
1919113802
1919113805
1919113807
1919113811
1919113812
1919113816
1919113817
1919113822
1919113833
1919113835
1919113839
1919113841
1919113843
1919113849
1919113850
1919113851
1919113852
1919113858
1919113862
191911387
1919113870
1919113872
1919113878
1919113878
1919113883
1919113887
1919113891
1919113895
1919113906
1919113910
1919113914
191911392
1919113923
1919113926
191911394
1919113940
1919113948
1919113949
1919113952
1919113962
1919113965
1919113966
1919113967
1919113974
1919113979
1919113981
1919113985
1919113994
1919114004
1919114005
1919114006
191911401
1919114011
1919114022
1919114025
1919114026
1919114032
1919114041
1919114044
1919114045
1919114047
1919114058
1919114060
1919114064
1919114069
191911407
1919114072
1919114074
1919114077
1919114082
1919114085
1919114086
1919114088
191911409
1919114091
1919114095
1919114104
1919114108
1919114113
1919114129
1919114130
1919114138
1919114145
191911415
1919114159
1919114162
1919114163
1919114164
1919114165
1919114167
1919114189
1919114199
1919114212
191911422
191911422
1919114221
1919114229
1919114236
1919114238
1919114239
1919114241
1919114246
1919114249
1919114263
1919114266
1919114267
1919114271
1919114274
1919114278
1919114285
1919114288
191911429
1919114294
1919114305
1919114308
1919114308
1919114318
191911432
1919114320
1919114323
1919114327
191911433
191911433
1919114339
1919114343
1919114343
1919114347
1919114350
1919114351
1919114358
1919114367
1919114375
191911438
1919114387
191911439
1919114392
1919114394
1919114404
1919114406
1919114410
1919114418
1919114421
1919114427
1919114430
1919114437
1919114460
1919114460
1919114469
191911447
1919114472
1919114475
1919114480
1919114482
1919114484
1919114486
1919114490
191911450
191911450
1919114505
1919114512
1919114514
1919114515
1919114517
1919114529
1919114533
1919114534
1919114535
1919114542
191911455
1919114552
1919114560
1919114564
1919114570
1919114575
191911458
1919114580
1919114585
1919114592
1919114597
1919114603
1919114605
1919114611
1919114612
1919114614
1919114617
1919114638
191911464
1919114641
191911465
1919114651
1919114652
1919114656
1919114668
191911467
1919114670
1919114677
1919114681
1919114685
1919114686
1919114693
1919114701
1919114706
1919114715
1919114728
1919114735
1919114735
1919114746
1919114747
1919114756
1919114758
1919114766
1919114768
1919114769
191911477
191911478
1919114783
1919114784
1919114785
1919114793
1919114798
191911480
1919114802
1919114805
1919114807
1919114815
1919114822
1919114824
1919114837
1919114840
1919114844
191911485
1919114851
1919114854
1919114873
1919114874
1919114881
1919114898
1919114909
1919114910
1919114915
1919114918
1919114927
1919114928
1919114938
1919114943
1919114947
1919114948
191911495
1919114950
1919114950
1919114951
1919114972
1919114989
1919115003
1919115007
1919115008
1919115009
1919115015
1919115016
1919115018
1919115022
1919115023
1919115039
191911504
1919115041
1919115041
1919115046
1919115047
1919115054
1919115069
1919115083
1919115088
1919115091
1919115094
1919115099
191911510
1919115101
1919115104
1919115105
1919115108
1919115114
1919115117
1919115121
1919115123
1919115124
191911513
1919115144
1919115149
1919115153
1919115153
1919115158
191911516
1919115169
1919115175
1919115178
191911518
1919115180
1919115181
1919115182
1919115193
1919115193
1919115197
1919115202
1919115205
1919115207
1919115219
1919115225
1919115228
1919115237
1919115243
1919115246
191911525
1919115250
1919115254
1919115257
1919115260
1919115261
1919115273
1919115279
191911529
1919115291
1919115293
1919115309
1919115310
1919115317
1919115320
1919115325
1919115328
1919115352
1919115353
1919115357
1919115359
191911536
1919115379
1919115381
1919115391
191911540
1919115404
1919115406
1919115407
1919115415
1919115421
1919115422
1919115427
1919115435
1919115439
191911544
1919115442
1919115448
1919115454
1919115465
1919115468
1919115478
1919115487
1919115487
1919115489
191911549
1919115493
1919115502
1919115504
1919115516
1919115521
1919115523
1919115525
1919115531
1919115531
1919115537
1919115565
1919115569
1919115570
1919115572
1919115574
1919115575
1919115579
191911558
1919115585
1919115587
1919115588
1919115603
191911562
191911562
1919115622
1919115624
1919115628
191911563
1919115633
1919115647
1919115652
1919115659
1919115659
1919115661
1919115673
1919115674
1919115677
1919115686
191911570
1919115700
1919115702
1919115703
1919115709
1919115714
1919115719
1919115720
1919115721
1919115728
191911573
1919115730
1919115733
1919115734
1919115737
1919115740
1919115745
1919115745
191911575
191911576
1919115761
1919115764
1919115766
1919115767
1919115773
1919115776
191911578
1919115780
1919115781
1919115782
1919115783
1919115791
1919115792
1919115793
1919115793
1919115794
1919115796
1919115801
1919115804
1919115804
1919115811
1919115813
1919115813
191911582
1919115824
1919115826
1919115827
1919115832
1919115832
1919115833
1919115834
1919115834
1919115837
1919115844
1919115846
1919115857
1919115860
1919115866
1919115868
1919115870
1919115871
1919115873
1919115879
1919115883
1919115891
1919115892
1919115917
1919115921
1919115926
191911593
1919115931
1919115932
1919115936
1919115938
1919115944
1919115947
1919115950
1919115956
1919115965
191911597
1919115970
1919115971
1919115978
1919115979
1919115983
1919115987
1919115989
1919115992
1919115996
1919116008
1919116009
191911601
1919116010
1919116016
1919116016
1919116017
191911602
1919116020
1919116023
1919116025
1919116029
1919116042
1919116054
1919116057
1919116061
191911607
1919116071
1919116074
1919116075
1919116080
1919116081
1919116082
1919116089
1919116095
1919116096
191911610
1919116102
1919116104
1919116105
1919116136
191911614
191911614
1919116141
1919116141
1919116147
191911615
1919116152
1919116155
1919116164
1919116167
1919116173
1919116177
1919116179
191911618
1919116180
1919116185
1919116187
1919116197
191911620
1919116201
1919116202
1919116205
1919116208
1919116209
1919116218
1919116222
1919116224
191911623
1919116231
191911624
1919116243
1919116253
1919116260
1919116263
1919116264
1919116270
1919116274
1919116276
1919116282
1919116286
1919116292
1919116295
1919116300
1919116306
1919116306
1919116309
1919116319
191911632
1919116320
191911633
1919116331
1919116332
1919116337
191911634
1919116351
1919116355
1919116358
191911636
1919116360
1919116361
191911637
1919116375
1919116376
1919116378
191911638
1919116384
1919116385
1919116390
1919116399
1919116401
1919116406
1919116413
1919116414
1919116419
191911642
191911642
1919116424
1919116426
1919116428
1919116438
1919116441
1919116446
1919116447
1919116452
1919116459
1919116467
1919116475
1919116480
1919116484
1919116486
1919116487
191911649
1919116491
1919116495
1919116496
1919116497
1919116499
1919116502
1919116511
1919116513
1919116514
1919116517
1919116520
1919116523
1919116529
1919116530
1919116531
1919116537
191911654
1919116542
1919116552
1919116552
1919116563
1919116563
1919116564
1919116566
1919116569
1919116570
1919116573
1919116574
1919116579
1919116589
1919116591
1919116592
1919116603
1919116604
1919116604
1919116614
191911663
191911663
1919116634
1919116637
191911664
1919116642
1919116647
191911665
1919116650
1919116650
1919116653
1919116657
1919116659
191911666
1919116676
1919116678
1919116680
1919116686
1919116686
1919116690
1919116693
1919116698
1919116700
1919116701
1919116710
191911672
1919116722
191911673
1919116732
1919116736
1919116737
1919116745
1919116750
1919116754
1919116758
1919116759
1919116761
1919116773
1919116774
1919116782
1919116784
191911679
1919116793
1919116795
1919116796
1919116799
1919116808
1919116812
1919116831
1919116834
1919116846
1919116848
1919116849
1919116850
1919116855
1919116864
1919116865
1919116866
1919116871
1919116874
191911689
1919116899
1919116907
1919116909
191911692
1919116933
1919116934
1919116935
1919116936
191911694
1919116941
191911697
191911697
1919116973
191911698
1919116980
1919116985
1919116992
1919116994
1919116995
1919116998
1919117003
1919117003
1919117004
1919117007
1919117011
1919117017
1919117020
1919117028
1919117043
1919117044
1919117045
1919117045
1919117046
1919117047
1919117048
1919117051
1919117052
1919117054
1919117057
1919117058
1919117060
1919117070
1919117071
1919117073
191911708
1919117082
1919117084
1919117085
1919117088
1919117089
1919117108
1919117115
1919117122
1919117123
1919117127
1919117129
191911713
1919117133
1919117140
1919117140
1919117146
1919117148
191911715
1919117165
191911717
1919117175
191911718
191911718
1919117181
1919117183
1919117185
1919117188
1919117189
191911719
191911719
1919117196
1919117198
1919117206
1919117212
1919117215
1919117216
1919117218
1919117227
1919117228
1919117230
1919117248
191911725
191911725
1919117251
1919117255
1919117258
1919117262
1919117263
191911727
1919117271
1919117272
1919117273
1919117275
1919117276
1919117278
1919117288
1919117291
1919117293
1919117302
1919117303
1919117309
1919117316
1919117316
191911733
1919117334
1919117336
1919117337
1919117355
1919117357
1919117364
1919117367
1919117370
1919117377
1919117380
1919117381
1919117383
1919117390
1919117396
191911740
1919117410
1919117415
1919117417
1919117421
1919117422
1919117430
1919117431
1919117441
1919117442
1919117445
1919117450
1919117451
1919117452
1919117453
1919117454
1919117457
1919117458
191911746
1919117464
1919117467
1919117469
191911747
1919117470
1919117471
1919117473
1919117474
1919117475
1919117482
1919117491
1919117491
1919117496
191911750
1919117501
1919117505
1919117509
1919117514
1919117532
1919117533
1919117535
1919117537
1919117539
1919117541
1919117549
191911755
1919117551
1919117553
1919117568
1919117580
1919117589
1919117598
1919117599
1919117602
1919117603
1919117608
1919117609
1919117611
1919117613
1919117616
1919117624
191911763
191911763
1919117630
1919117636
1919117637
191911764
191911764
1919117657
1919117661
1919117665
1919117668
1919117674
1919117677
1919117678
1919117690
191911770
1919117707
191911772
1919117722
1919117723
1919117737
191911774
1919117747
191911775
1919117750
1919117751
1919117761
1919117781
1919117790
1919117793
1919117796
1919117803
1919117809
1919117811
1919117818
191911782
1919117832
1919117834
1919117841
1919117845
1919117850
1919117853
191911786
1919117862
1919117866
1919117867
1919117869
1919117874
191911788
1919117882
1919117886
1919117888
1919117891
1919117895
1919117898
1919117899
191911790
191911790
1919117902
191911791
191911792
191911792
1919117920
191911793
1919117936
1919117939
191911794
191911794
1919117940
1919117941
191911795
191911795
1919117951
1919117963
1919117965
1919117967
1919117982
1919117983
1919117985
1919117986
1919117993
1919117994
1919117998
1919118008
191911801
1919118011
1919118014
1919118021
1919118024
1919118029
1919118033
1919118038
191911804
191911804
1919118040
1919118041
1919118050
1919118052
191911806
191911806
1919118063
191911807
1919118079
1919118090
1919118091
1919118095
1919118097
1919118098
1919118100
1919118104
1919118108
1919118109
1919118109
191911812
1919118122
1919118129
191911813
1919118133
1919118139
191911814
1919118146
1919118148
1919118151
1919118152
1919118153
1919118160
1919118161
1919118168
1919118189
1919118192
1919118193
1919118196
1919118199
191911820
1919118204
1919118205
1919118206
1919118208
1919118209
1919118210
1919118210
1919118220
191911823
1919118232
1919118237
1919118238
1919118240
1919118241
1919118249
1919118251
1919118254
1919118260
1919118264
1919118269
1919118270
1919118275
1919118278
1919118279
1919118280
1919118284
1919118289
1919118293
191911830
1919118305
1919118314
1919118322
1919118328
1919118330
1919118347
191911835
1919118363
1919118369
1919118373
191911838
191911838
1919118380
1919118383
1919118384
1919118389
1919118398
191911840
191911840
1919118402
1919118408
1919118409
1919118411
1919118413
1919118417
1919118418
1919118420
1919118422
1919118430
1919118431
1919118433
191911845
1919118453
1919118455
1919118463
1919118468
1919118474
1919118476
1919118477
1919118479
191911848
1919118492
191911850
1919118500
1919118500
1919118502
1919118508
1919118513
1919118518
191911852
1919118521
1919118529
1919118531
1919118537
1919118537
1919118538
1919118553
1919118554
1919118558
1919118567
1919118571
1919118580
191911860
191911860
1919118611
1919118613
1919118615
1919118616
1919118620
191911863
191911863
1919118633
1919118642
1919118645
1919118646
191911865
1919118656
1919118660
1919118673
1919118675
1919118684
1919118686
1919118693
1919118703
1919118707
1919118708
1919118711
1919118716
191911872
1919118724
1919118725
1919118744
1919118746
1919118748
1919118758
1919118760
1919118761
1919118765
1919118767
191911878
1919118787
1919118788
191911879
1919118799
191911880
1919118802
1919118803
1919118810
1919118817
1919118825
1919118826
1919118827
1919118830
1919118835
1919118838
1919118841
1919118841
1919118842
1919118847
1919118848
1919118850
1919118852
1919118853
1919118855
1919118857
1919118865
1919118869
1919118878
191911888
191911889
1919118896
191911891
1919118916
1919118925
1919118927
1919118932
1919118939
1919118943
1919118944
1919118947
1919118950
1919118952
1919118955
1919118957
1919118959
191911896
1919118965
1919118967
1919118971
1919118983
1919118990
1919118994
1919118996
1919119002
1919119006
1919119008
1919119015
191911902
191911903
1919119031
1919119035
1919119035
1919119036
1919119037
1919119043
1919119048
1919119052
1919119057
1919119060
1919119061
1919119065
1919119071
1919119073
1919119076
1919119079
191911909
1919119094
1919119096
191911911
1919119123
1919119123
191911913
191911916
1919119163
191911919
1919119199
1919119201
1919119202
1919119204
1919119216
1919119227
1919119236
1919119237
1919119239
1919119242
1919119243
1919119246
1919119247
191911925
1919119257
1919119259
1919119269
1919119275
1919119276
1919119277
1919119277
1919119277
191911928
1919119283
1919119288
1919119307
1919119311
1919119317
1919119317
1919119325
1919119336
191911934
1919119341
1919119348
1919119351
1919119354
1919119357
1919119360
1919119365
1919119365
191911937
1919119398
191911940
1919119405
1919119406
1919119412
1919119417
1919119423
1919119435
1919119436
1919119437
1919119450
1919119453
1919119454
1919119458
1919119459
1919119464
1919119469
1919119471
1919119478
1919119484
1919119488
191911949
1919119498
191911950
1919119500
1919119501
1919119502
1919119512
1919119520
1919119522
1919119525
1919119529
1919119540
1919119543
1919119550
1919119552
1919119558
1919119559
1919119563
191911957
1919119575
1919119579
191911958
1919119588
1919119602
1919119605
1919119608
191911962
1919119623
1919119627
1919119632
1919119638
1919119640
1919119642
1919119649
1919119659
191911966
1919119660
1919119662
1919119663
1919119665
1919119676
1919119679
1919119680
1919119697
1919119700
1919119704
1919119707
1919119709
1919119710
1919119729
1919119738
1919119742
1919119749
191911975
1919119752
1919119753
1919119759
1919119764
1919119772
1919119777
1919119778
1919119781
1919119782
1919119782
1919119786
1919119801
1919119810
1919119814
1919119820
1919119831
1919119832
1919119835
1919119838
1919119840
1919119843
1919119856
1919119859
191911986
191911986
1919119866
1919119866
1919119866
1919119871
1919119874
1919119884
1919119885
1919119890
1919119903
1919119905
1919119919
1919119928
1919119932
1919119934
1919119937
1919119938
1919119943
1919119946
1919119947
1919119951
1919119953
1919119965
1919119965
191911998
191911999
191912000
1919120001
1919120004
1919120007
1919120009
1919120010
1919120016
1919120019
1919120019
1919120027
1919120029
1919120036
1919120039
1919120041
1919120041
1919120053
1919120054
1919120057
1919120064
1919120068
1919120071
1919120072
1919120076
1919120078
1919120080
1919120081
191912009
191912009
1919120096
1919120097
1919120121
1919120139
1919120144
1919120144
1919120155
1919120168
1919120176
1919120179
1919120179
191912018
1919120181
1919120199
191912020
1919120201
1919120202
1919120204
1919120207
1919120216
1919120217
1919120217
1919120229
1919120248
191912025
1919120278
1919120290
1919120297
191912031
1919120310
1919120330
1919120331
1919120337
191912034
1919120340
1919120351
1919120365
1919120366
1919120372
1919120373
1919120400
1919120414
1919120423
1919120428
1919120429
1919120443
1919120469
1919120484
1919120502
1919120503
1919120508
1919120528
1919120529
1919120539
1919120545
1919120545
1919120548
1919120566
1919120582
1919120589
1919120593
1919120595
1919120600
1919120601
1919120615
1919120624
1919120627
1919120629
1919120645
1919120659
1919120668
191912068
1919120694
191912076
1919120766
1919120768
1919120785
1919120794
191912080
1919120809
1919120809
1919120810
1919120821
1919120848
1919120849
191912085
1919120858
1919120882
1919120901
1919120902
1919120905
1919120910
1919120924
1919120930
191912094
1919120946
1919120953
1919120969
191912097
1919120994
1919120998
191912107
1919121093
191912110
1919121103
1919121105
1919121108
1919121127
1919121148
1919121158
1919121177
191912119
1919121199
191912120
1919121205
1919121209
191912121
1919121214
1919121215
1919121216
1919121226
1919121233
1919121243
1919121247
1919121258
191912126
191912126
1919121268
1919121272
1919121276
1919121284
1919121285
1919121287
1919121288
1919121316
1919121322
1919121327
1919121355
191912136
1919121362
191912138
1919121388
1919121392
1919121410
1919121420
1919121428
1919121431
1919121439
191912144
1919121447
1919121449
1919121455
191912148
1919121486
1919121489
191912149
1919121515
191912154
191912154
191912155
191912157
1919121575
1919121575
1919121577
1919121580
1919121586
1919121595
1919121600
1919121603
1919121609
1919121614
1919121648
191912166
1919121661
1919121669
1919121682
191912169
1919121691
1919121697
191912171
1919121718
1919121731
1919121762
1919121770
1919121772
1919121782
1919121796
1919121797
1919121813
1919121822
191912185
1919121858
1919121858
1919121862
1919121863
1919121875
191912188
1919121894
1919121898
1919121899
1919121902
1919121907
1919121909
1919121915
1919121922
1919121924
1919121948
1919121950
1919121954
1919121967
1919121972
1919122021
1919122035
1919122041
1919122051
1919122091
1919122093
1919122093
1919122096
191912210
1919122113
1919122120
1919122143
1919122143
1919122144
1919122145
191912216
1919122160
1919122161
1919122163
1919122168
1919122172
1919122173
1919122177
1919122180
1919122183
191912219
1919122231
191912224
1919122256
1919122301
1919122327
191912233
1919122330
1919122330
1919122339
191912234
1919122377
1919122377
191912238
1919122396
1919122399
1919122400
1919122416
1919122419
191912242
1919122420
1919122434
1919122438
191912245
1919122450
1919122468
191912248
191912248
1919122481
1919122491
1919122493
1919122511
1919122512
1919122535
1919122541
1919122587
1919122589
1919122597
1919122609
191912261
1919122619
191912263
191912263
1919122635
1919122647
1919122663
1919122669
1919122676
1919122681
1919122707
1919122713
1919122757
1919122758
191912278
1919122794
1919122797
1919122821
1919122828
1919122830
1919122838
1919122844
1919122851
1919122855
1919122862
1919122868
1919122876
1919122878
1919122881
1919122892
1919122899
1919122899
1919122914
1919122916
1919122920
1919122949
1919122956
191912296
1919122962
1919122976
1919122994
1919123030
1919123031
1919123038
191912305
1919123074
1919123085
191912309
191912314
191912315
1919123152
1919123166
1919123196
1919123200
1919123203
1919123208
1919123212
1919123213
1919123224
1919123226
1919123228
1919123231
1919123231
1919123232
1919123240
1919123241
1919123250
1919123251
191912326
191912326
1919123263
1919123267
1919123269
1919123273
1919123275
1919123287
1919123292
1919123293
1919123297
1919123299
1919123301
1919123304
1919123305
1919123308
1919123310
1919123316
1919123317
191912332
1919123321
1919123327
1919123328
191912333
1919123332
1919123334
1919123337
1919123339
191912334
1919123345
1919123345
1919123346
191912335
1919123353
1919123356
1919123358
1919123360
1919123372
1919123381
1919123392
1919123392
1919123398
1919123401
1919123406
1919123411
1919123418
191912342
1919123423
1919123433
1919123441
1919123445
1919123445
1919123453
1919123453
1919123456
1919123456
191912346
1919123465
1919123471
1919123472
1919123479
191912348
1919123482
1919123491
1919123494
1919123499
1919123499
191912350
1919123500
1919123502
1919123505
1919123509
1919123510
1919123513
1919123514
1919123515
1919123516
1919123519
191912352
1919123520
1919123533
191912354
1919123545
1919123547
1919123547
191912355
191912355
1919123553
1919123557
191912356
191912356
1919123563
1919123580
1919123588
1919123589
1919123592
1919123594
1919123596
1919123610
1919123612
1919123628
1919123642
191912365
1919123661
1919123661
1919123662
1919123664
1919123665
1919123669
1919123670
1919123675
1919123678
1919123688
1919123693
1919123697
1919123699
1919123699
1919123705
1919123711
1919123712
1919123718
1919123720
1919123722
1919123723
1919123727
1919123740
1919123741
1919123742
1919123756
1919123758
1919123759
1919123764
1919123779
1919123780
1919123786
1919123793
1919123802
1919123804
1919123809
191912381
1919123813
1919123815
1919123828
191912383
191912383
1919123832
1919123841
1919123842
1919123846
1919123849
1919123849
1919123860
1919123866
1919123874
1919123875
1919123875
1919123877
1919123884
1919123885
1919123888
1919123888
191912389
1919123890
1919123898
1919123905
1919123911
1919123912
1919123913
1919123913
1919123918
1919123926
1919123932
1919123933
1919123939
1919123942
1919123948
1919123949
1919123950
1919123951
1919123955
1919123962
1919123969
191912397
191912397
1919123973
1919123975
191912399
1919124000
1919124028
1919124030
1919124031
1919124035
191912404
191912404
1919124053
1919124053
1919124065
191912407
1919124075
1919124080
1919124084
1919124095
1919124096
1919124097
1919124106
1919124110
1919124114
1919124130
1919124137
1919124138
1919124143
1919124148
1919124151
1919124156
1919124161
1919124162
1919124165
1919124168
1919124170
1919124180
1919124190
1919124191
1919124193
1919124194
1919124197
1919124201
1919124201
1919124216
1919124221
191912423
1919124230
1919124236
1919124237
1919124246
1919124249
1919124252
1919124253
1919124257
1919124262
1919124266
1919124270
1919124272
1919124281
191912429
1919124294
1919124298
1919124304
1919124309
1919124310
1919124311
1919124311
1919124312
1919124317
191912432
1919124322
1919124327
191912433
1919124332
1919124334
1919124336
1919124339
1919124347
1919124350
1919124357
1919124359
1919124360
1919124367
1919124369
1919124370
1919124378
1919124380
1919124381
1919124386
1919124393
1919124398
1919124402
1919124417
1919124425
1919124426
1919124427
1919124431
1919124438
1919124446
1919124447
1919124449
1919124453
1919124458
191912446
1919124460
1919124464
1919124471
1919124476
1919124479
1919124488
1919124489
1919124491
1919124498
1919124500
1919124507
1919124510
1919124515
1919124518
1919124518
191912452
1919124528
1919124532
1919124537
1919124546
1919124547
1919124551
1919124552
1919124553
1919124553
1919124559
1919124560
1919124560
1919124564
1919124566
1919124577
191912458
191912458
1919124580
1919124589
1919124591
1919124595
1919124601
1919124604
1919124609
1919124612
1919124619
1919124623
1919124627
1919124642
1919124644
1919124647
191912465
1919124656
191912466
1919124665
1919124667
1919124668
191912467
1919124673
1919124674
1919124676
1919124676
1919124680
1919124681
1919124693
1919124693
1919124694
1919124696
1919124697
1919124699
1919124703
1919124704
1919124704
1919124708
191912471
1919124712
1919124719
191912472
1919124723
1919124724
1919124726
1919124731
1919124732
1919124733
1919124733
1919124735
1919124737
1919124739
191912474
1919124756
191912476
1919124762
1919124764
191912478
1919124782
1919124786
1919124787
1919124787
191912479
1919124797
1919124803
1919124810
1919124813
1919124814
1919124820
1919124827
1919124832
1919124832
1919124832
1919124845
1919124846
1919124868
1919124870
1919124871
1919124873
1919124878
1919124879
1919124880
1919124892
1919124907
1919124912
1919124917
1919124921
1919124926
191912493
1919124930
1919124932
1919124948
1919124953
1919124955
1919124957
191912496
1919124962
1919124963
1919124968
1919124970
1919124972
1919124978
1919124978
1919124979
1919124980
1919124981
1919124986
1919124988
1919124999
1919125004
1919125008
1919125009
1919125017
1919125021
1919125024
1919125029
1919125041
1919125053
1919125057
1919125057
1919125062
1919125062
1919125068
1919125072
1919125073
1919125076
1919125097
1919125099
1919125104
1919125109
191912511
1919125141
1919125152
1919125154
1919125159
1919125166
1919125166
1919125167
1919125172
1919125172
1919125179
1919125182
1919125183
1919125186
1919125187
1919125202
1919125206
1919125206
1919125212
1919125221
1919125221
1919125224
1919125227
1919125228
191912523
1919125232
1919125246
1919125255
1919125255
191912526
1919125262
1919125263
1919125264
191912527
1919125285
1919125287
1919125289
1919125290
1919125292
1919125295
1919125304
1919125307
1919125308
1919125309
1919125313
1919125315
191912532
1919125320
1919125324
1919125326
1919125331
1919125333
1919125334
1919125335
1919125337
1919125338
191912534
1919125342
1919125343
1919125347
191912535
191912535
1919125352
1919125353
1919125358
1919125359
1919125361
1919125364
191912538
1919125382
1919125384
1919125385
1919125386
1919125389
191912539
1919125391
1919125396
1919125398
1919125402
1919125404
1919125406
191912541
191912541
1919125414
1919125416
1919125417
1919125428
1919125431
1919125436
1919125438
191912544
1919125440
1919125452
1919125458
1919125460
1919125468
1919125469
1919125470
1919125471
1919125484
1919125487
1919125488
1919125493
1919125498
1919125499
1919125503
1919125508
191912551
1919125523
1919125526
1919125528
1919125535
1919125536
191912555
1919125551
1919125554
1919125559
1919125568
1919125571
1919125576
1919125576
1919125579
1919125582
1919125587
1919125587
191912559
1919125591
1919125594
1919125598
1919125607
1919125610
1919125632
1919125635
1919125635
1919125638
1919125649
1919125656
1919125665
1919125668
1919125669
1919125674
1919125677
191912568
1919125695
1919125708
191912571
1919125712
1919125715
1919125727
1919125732
1919125736
1919125738
191912574
191912574
191912574
1919125743
1919125745
1919125758
1919125783
1919125784
1919125795
1919125798
1919125806
1919125812
1919125812
1919125815
1919125816
1919125817
1919125818
1919125819
1919125820
1919125823
1919125826
1919125834
1919125846
1919125848
191912585
1919125850
1919125852
1919125855
191912586
1919125862
1919125870
1919125876
1919125889
191912589
1919125892
1919125892
1919125894
1919125897
191912590
1919125903
1919125908
1919125910
1919125910
1919125917
1919125918
1919125920
1919125925
1919125927
1919125929
191912593
1919125930
1919125930
1919125944
1919125945
191912595
1919125962
1919125964
1919125965
191912597
1919125973
1919125976
1919125982
1919125984
1919125984
1919125986
1919125996
1919126018
191912602
191912602
1919126024
1919126025
1919126027
1919126029
1919126031
1919126032
1919126035
1919126057
1919126057
1919126059
191912606
1919126062
1919126064
1919126065
1919126068
191912607
1919126079
1919126083
1919126091
1919126092
1919126098
1919126099
191912610
1919126102
1919126105
1919126115
1919126125
1919126126
1919126130
1919126131
1919126131
1919126132
191912614
1919126144
1919126148
1919126153
191912616
1919126160
1919126162
1919126164
1919126165
1919126169
1919126173
1919126175
191912618
1919126182
1919126183
1919126191
1919126197
1919126201
1919126203
1919126205
1919126208
1919126211
1919126212
1919126215
1919126218
191912623
1919126247
191912625
1919126256
1919126258
1919126260
1919126260
1919126275
191912628
1919126290
1919126293
1919126309
1919126310
1919126311
1919126315
1919126322
1919126324
1919126324
1919126330
1919126335
1919126361
1919126363
1919126366
1919126367
191912637
1919126376
1919126377
1919126381
1919126404
191912642
191912642
1919126424
1919126425
